-1
-1
-1
-1
-1
-1
-1
-1
-1
-1
24
-1
-1
-1
-1
-1
-1
-1
-1
-1
-1
-1
-1
-1
-1
-1
-1
-1
-1
-1
-1
-1
38
-1
-1
-1
-1
-1
-1
206
207
136
-1
-1
200
-1
38
164
219
219
219
207
77
192
48
-1
219
119
-1
-1
-1
-1
-1
-1
-1
223
-1
207
-1
207
-1
-1
207
141
-1
-1
-1
-1
207
-1
10
-1
240
24
-1
207
-1
-1
-1
-1
-1
-1
-1
-1
-1
-1
-1
0
200
27
27
210
39
207
187
187
159
207
38
200
39
136
207
-1
70
143
217
104
217
39
-1
38
-1
-1
-1
-1
-1
-1
-1
-1
-1
-1
-1
-1
-1
-1
-1
-1
-1
-1
-1
-1
-1
-1
-1
-1
-1
-1
-1
-1
-1
-1
-1
-1
-1
-1
-1
-1
-1
-1
-1
-1
-1
-1
-1
-1
-1
-1
-1
-1
-1
-1
-1
-1
-1
-1
-1
-1
-1
-1
-1
-1
-1
-1
-1
-1
-1
-1
-1
-1
-1
-1
-1
-1
-1
-1
-1
-1
-1
-1
-1
-1
-1
-1
-1
-1
-1
-1
-1
-1
-1
-1
-1
-1
-1
-1
-1
-1
-1
-1
-1
-1
-1
-1
-1
-1
-1
-1
-1
-1
-1
-1
-1
-1
-1
-1
-1
-1
-1
-1
-1
-1
-1
-1
-1
-1
-1
-1
-1
-1
-1
-1
-1
-1
-1
-1
